10,239
10,137
10,7
10,33
10,119
10,97
10,187
10,133
10,2
10,3
11,10
9,5
9,1
9,7
9,2
9,3
8,14
8,15
8,13
8,8
8,10
48,3
48,2
48,1
48,0
46,4
46,3
46,2
46,1
46,0
45,3
45,2
45,1
45,0
44,4
44,3
44,2
44,1
44,0
43,4
43,3
43,2
43,1
43,0
41,5
41,4
41,3
41,2
41,1
41,0
38,5
38,4
38,3
38,2
38,1
38,0
36,5
36,3
36,1
34,3
34,1
32,4
32,3
32,1
27,3
27,1
24,3
24,1
20,3
20,2
20,1
19,3
19,2
19,1
18,3
18,1
14,3
14,1
13,3
13,1
12,3
12,2
12,1
11,27
11,26
11,24
11,23
11,22
11,21
11,19
11,18
11,17
11,16
11,15
11,14
11,13
11,12
11,11
11,8
11,7
11,6
11,5
11,4
11,3
11,2
11,1
10,302
10,300
10,293
